
file: photo4.jpg
type: image
timestamp: 1651930125000
lat: 39.47974444444445
lng: -117.28091388888889
