
file: photo7.jpg
type: image
timestamp: 1651938136000
lat: 39.490291666666664
lng: -117.06841666666666
