
file: photo2.jpg
type: image
timestamp: 1651920051000
lat: 39.57626666666667
lng: -117.59782222222222
