
file: photo3.jpg
type: image
timestamp: 1651929229000
lat: 39.504352777777775
lng: -117.38210277777777
