
file: photo1.jpg
type: image
timestamp: 1651915329000
lat: 39.50753531088604
lng: -117.77122632964887
