
file: photo5.jpg
type: image
timestamp: 1651938034000
lat: 39.49061388888889
lng: -117.06883611111111
