file: 20181213_181138.jpg
type: image
lat: 37.342971
lng: -121.715840
