
file: photo8.jpg
type: image
timestamp: 1652191544000
lat: 39.33060555555556
lng: -112.61545833333332
