
file: photo11.jpg
type: image
timestamp: 1652213236000
lat: 39.954994444444445
lng: -112.11973888888888
