
file: photo10.jpg
type: image
timestamp: 1652213180000
lat: 39.95462777777778
lng: -112.11930555555556
