
file: photo7.jpg
type: image
timestamp: 1652191360000
lat: 39.33043888888889
lng: -112.62167777777778
