
file: photo14.jpg
type: image
timestamp: 1652214882000
lat: 39.95180555555556
lng: -111.96867222222222
