
file: photo12.jpg
type: image
timestamp: 1652213246000
lat: 39.954994444444445
lng: -112.11973888888888
