
file: photo1.jpg
type: image
timestamp: 1652169750000
lat: 39.07886666666667
lng: -113.48426666666667
