
file: photo2.jpg
type: image
timestamp: 1652171851000
lat: 39.07897222222223
lng: -113.48406111111112
