
file: photo4.jpg
type: image
timestamp: 1652180114000
lat: 39.06568333333333
lng: -113.23306111111111
