
file: photo0.jpg
type: image
timestamp: 1652169707000
lat: 39.07886666666667
lng: -113.48426666666667
