
file: photo3.jpg
type: image
timestamp: 1652174371000
lat: 39.04962777777778
lng: -113.41771111111112
