
file: photo13.jpg
type: image
timestamp: 1652214155000
lat: 39.97005277777778
lng: -112.06074722222222
