
file: photo9.jpg
type: image
timestamp: 1652208493000
lat: 39.80905
lng: -112.14339444444445
