
file: photo6.jpg
type: image
timestamp: 1652190482000
lat: 39.329169444444446
lng: -112.67188611111112
