
file: photo4.jpg
type: image
timestamp: 1651768736000
lat: 38.63798333333333
lng: -120.14455833333334
