
file: photo5.jpg
type: image
timestamp: 1651768967000
lat: 38.641422222222225
lng: -120.13631666666667
