
file: photo7.jpg
type: image
timestamp: 1651774909000
lat: 38.70348333333334
lng: -120.06341666666667
