
file: photo2.jpg
type: image
timestamp: 1651767267000
lat: 38.63344722222222
lng: -120.17670555555556
