
file: photo6.jpg
type: image
timestamp: 1651768995000
lat: 38.64161388888889
lng: -120.13640000000001
