
file: photo1.jpg
type: image
timestamp: 1651766373000
lat: 38.625125
lng: -120.19748055555556
