
file: photo0.jpg
type: image
timestamp: 1651733012000
lat: 38.42216388888889
lng: -120.64256111111112
