
file: photo7.jpg
type: image
timestamp: 1652635191000
lat: 41.31004166666666
lng: -105.57580555555555
