
file: photo0.jpg
type: image
timestamp: 1652595994000
lat: 41.76838333333333
lng: -106.95022222222222
