
file: photo4.jpg
type: image
timestamp: 1652634526000
lat: 41.31121666666667
lng: -105.58168888888889
