
file: photo2.jpg
type: image
timestamp: 1652619040000
lat: 41.639002777777776
lng: -106.29288333333334
