
file: photo3.jpg
type: image
timestamp: 1652624767000
lat: 41.50376388888889
lng: -106.05179444444444
