
file: photo1.jpg
type: image
timestamp: 1652615883000
lat: 41.68389722222222
lng: -106.37867777777777
