
file: photo6.jpg
type: image
timestamp: 1652634879000
lat: 41.312444444444445
lng: -105.57999444444444
