
file: photo9.jpg
type: image
timestamp: 1652642797000
lat: 41.272166666666664
lng: -105.48653055555556
