
file: photo8.jpg
type: image
timestamp: 1652635539000
lat: 41.30946944444444
lng: -105.56884722222222
