
file: photo1.jpg
type: image
timestamp: 1654594829000
lat: 43.49725277777778
lng: -75.34402222222222
