
file: photo0.jpg
type: image
timestamp: 1654585671000
lat: 43.724919444444446
lng: -75.4682138888889
