
file: photo5.jpg
type: image
timestamp: 1652551223000
lat: 41.78731944444444
lng: -107.24104722222222
