
file: photo4.jpg
type: image
timestamp: 1652551218000
lat: 41.78731944444444
lng: -107.24104722222222
