
file: photo3.jpg
type: image
timestamp: 1652550219000
lat: 41.784727777777775
lng: -107.26372222222223
