
file: photo1.jpg
type: image
timestamp: 1652521315000
lat: 41.65216111111111
lng: -109.00521666666667
