
file: photo2.jpg
type: image
timestamp: 1652530337000
lat: 41.647475
lng: -108.59618055555555
