
file: photo0.jpg
type: image
timestamp: 1652511061000
lat: 41.58256111111111
lng: -109.25666111111111
