
file: photo7.jpg
type: image
timestamp: 1652556303000
lat: 41.759908333333335
lng: -106.99510555555555
