
file: photo3.jpg
type: image
timestamp: 1653391709000
lat: 41.58133611111111
lng: -93.62435277777777
