
file: photo7.jpg
type: image
timestamp: 1653392884000
lat: 41.590275000000005
lng: -93.60787222222221
