
file: photo8.jpg
type: image
timestamp: 1653393226000
lat: 41.59134166666667
lng: -93.60751111111111
