
file: photo2.jpg
type: image
timestamp: 1653391014000
lat: 41.57463055555556
lng: -93.63650833333334
