
file: photo0.jpg
type: image
timestamp: 1653389341000
lat: 41.56641388888889
lng: -93.66411111111111
