
file: photo1.jpg
type: image
timestamp: 1653389344000
lat: 41.56641388888889
lng: -93.66411111111111
