
file: photo4.jpg
type: image
timestamp: 1653391871000
lat: 41.58370555555556
lng: -93.62372777777777
