
file: photo5.jpg
type: image
timestamp: 1653391978000
lat: 41.585975000000005
lng: -93.62432222222222
