
file: photo6.jpg
type: image
timestamp: 1653392005000
lat: 41.58614444444445
lng: -93.62345833333333
