
file: photo2.jpg
type: image
timestamp: 1654866989000
lat: 41.085211111111114
lng: -73.39266944444445
