
file: photo6.jpg
type: image
timestamp: 1654876321000
lat: 41.09274166666667
lng: -73.45155555555556
