
file: photo1.jpg
type: image
timestamp: 1654866930000
lat: 41.08532777777778
lng: -73.39336944444445
