
file: photo3.jpg
type: image
timestamp: 1654867023000
lat: 41.085211111111114
lng: -73.39266944444445
