
file: photo5.jpg
type: image
timestamp: 1654872732000
lat: 41.09275
lng: -73.45155833333334
