
file: photo0.jpg
type: image
timestamp: 1654851572000
lat: 41.41641666666666
lng: -73.39680555555556
