
file: photo9.jpg
type: image
timestamp: 1654806489000
lat: 41.41119444444444
lng: -73.50737777777778
