
file: photo4.jpg
type: image
timestamp: 1654799256000
lat: 41.53928888888889
lng: -73.58446944444444
