
file: photo2.jpg
type: image
timestamp: 1654793209000
lat: 41.632352777777776
lng: -73.70737222222222
