
file: photo11.jpg
type: image
timestamp: 1654810514000
lat: 41.416405555555556
lng: -73.39678333333335
