
file: photo6.jpg
type: image
timestamp: 1654801055000
lat: 41.49823333333333
lng: -73.58146666666666
