
file: photo7.jpg
type: image
timestamp: 1654805107000
lat: 41.43808055555555
lng: -73.53744999999999
