
file: photo5.jpg
type: image
timestamp: 1654801046000
lat: 41.496991666666666
lng: -73.58137777777777
