
file: photo3.jpg
type: image
timestamp: 1654798454000
lat: 41.55421944444444
lng: -73.61642222222221
