
file: photo8.jpg
type: image
timestamp: 1654806488000
lat: 41.41119444444444
lng: -73.50737777777778
