
file: photo1.jpg
type: image
timestamp: 1654772898000
lat: 41.963769444444445
lng: -73.88598055555556
