
file: photo0.jpg
type: image
timestamp: 1654770610000
lat: 41.99666111111111
lng: -73.87434999999999
