
file: photo8.jpg
type: image
timestamp: 1653337703000
lat: 41.61540277777778
lng: -94.01229166666667
