
file: photo5.jpg
type: image
timestamp: 1653292120000
lat: 41.645922222222225
lng: -95.45975
