
file: photo3.jpg
type: image
timestamp: 1653291820000
lat: 41.64832222222222
lng: -95.46115555555556
