
file: photo0.jpg
type: image
timestamp: 1653290451000
lat: 41.648288888888885
lng: -95.46111944444445
