
file: photo6.jpg
type: image
timestamp: 1653292290000
lat: 41.64586944444444
lng: -95.45889444444445
