
file: photo2.jpg
type: image
timestamp: 1653829480000
lat: 41.91150555555556
lng: -86.01335555555555
