
file: photo0.jpg
type: image
timestamp: 1653812695000
lat: 41.94282777777777
lng: -86.45843611111111
