
file: photo4.jpg
type: image
timestamp: 1653836581000
lat: 41.925863888888884
lng: -85.82668333333334
