
file: photo7.jpg
type: image
timestamp: 1653838247000
lat: 41.925758333333334
lng: -85.76819722222223
