
file: photo9.jpg
type: image
timestamp: 1653853100000
lat: 42.06168611111111
lng: -85.24485555555556
