
file: photo3.jpg
type: image
timestamp: 1653829484000
lat: 41.91150555555556
lng: -86.01335555555555
