
file: photo6.jpg
type: image
timestamp: 1653836978000
lat: 41.92561388888889
lng: -85.80920833333333
