
file: photo8.jpg
type: image
timestamp: 1653847525000
lat: 42.00709722222222
lng: -85.45418055555555
