
file: photo1.jpg
type: image
timestamp: 1653828915000
lat: 41.911702777777776
lng: -86.03486944444444
