
file: photo5.jpg
type: image
timestamp: 1653836643000
lat: 41.92652222222222
lng: -85.82271944444445
