
file: photo8.jpg
type: image
timestamp: 1653074752000
lat: 40.56830277777778
lng: -98.55937777777777
