
file: photo0.jpg
type: image
timestamp: 1653037369000
lat: 40.29591666666666
lng: -99.89758055555556
