
file: photo3.jpg
type: image
timestamp: 1653074219000
lat: 40.567863888888894
lng: -98.58050277777778
