
file: photo1.jpg
type: image
timestamp: 1653038324000
lat: 40.30579722222222
lng: -99.88367500000001
