
file: photo2.jpg
type: image
timestamp: 1653070759000
lat: 40.56795833333334
lng: -98.75800833333334
