
file: photo12.jpg
type: image
timestamp: 1653585906000
lat: 41.417608333333334
lng: -90.06859166666666
