
file: photo7.jpg
type: image
timestamp: 1653563904000
lat: 41.502341666666666
lng: -90.54928055555555
