
file: photo1.jpg
type: image
timestamp: 1653561244000
lat: 41.531124999999996
lng: -90.54536666666667
