
file: photo8.jpg
type: image
timestamp: 1653564561000
lat: 41.49725277777778
lng: -90.54274722222222
