
file: photo6.jpg
type: image
timestamp: 1653563882000
lat: 41.50216388888889
lng: -90.5493361111111
