
file: photo2.jpg
type: image
timestamp: 1653562138000
lat: 41.52051111111111
lng: -90.5688611111111
