
file: photo14.jpg
type: image
timestamp: 1653594518000
lat: 41.36533055555556
lng: -89.67566666666667
