
file: photo4.jpg
type: image
timestamp: 1653562213000
lat: 41.52051111111111
lng: -90.5688611111111
