
file: photo11.jpg
type: image
timestamp: 1653572702000
lat: 41.47604166666667
lng: -90.361775
