
file: photo15.jpg
type: image
timestamp: 1653595361000
lat: 41.36538888888889
lng: -89.62273055555555
