
file: photo0.jpg
type: image
timestamp: 1653558957000
lat: 41.53140833333333
lng: -90.54490833333332
