
file: photo10.jpg
type: image
timestamp: 1653564609000
lat: 41.49720277777778
lng: -90.54281666666667
