
file: photo5.jpg
type: image
timestamp: 1653562795000
lat: 41.51191388888889
lng: -90.56571944444444
