
file: photo16.jpg
type: image
timestamp: 1653595466000
lat: 41.365375
lng: -89.62210277777777
