
file: photo9.jpg
type: image
timestamp: 1653564572000
lat: 41.49725277777778
lng: -90.54274722222222
