
file: photo3.jpg
type: image
timestamp: 1653562144000
lat: 41.52051111111111
lng: -90.5688611111111
