
file: photo10.jpg
type: image
timestamp: 1652302329000
lat: 40.765166666666666
lng: -111.89106944444445
