
file: photo8.jpg
type: image
timestamp: 1652299436000
lat: 40.76643055555556
lng: -111.89153611111112
