
file: photo6.jpg
type: image
timestamp: 1652298719000
lat: 40.76484722222222
lng: -111.89291944444444
