
file: photo9.jpg
type: image
timestamp: 1652302166000
lat: 40.76642777777778
lng: -111.89127222222223
