
file: photo2.jpg
type: image
timestamp: 1652270217000
lat: 40.48826666666667
lng: -111.92629166666667
