
file: photo4.jpg
type: image
timestamp: 1652298342000
lat: 40.76248888888889
lng: -111.89386666666667
