
file: photo0.jpg
type: image
timestamp: 1652263675000
lat: 40.38778333333333
lng: -111.83049166666666
