
file: photo1.jpg
type: image
timestamp: 1652265569000
lat: 40.46301770846614
lng: -111.9343552896714
