
file: photo3.jpg
type: image
timestamp: 1652277408000
lat: 40.558452777777774
lng: -111.89276666666667
