
file: photo5.jpg
type: image
timestamp: 1652298595000
lat: 40.76486944444444
lng: -111.89306111111112
