
file: photo4.jpg
type: image
timestamp: 1652114270000
lat: 39.143724999999996
lng: -114.33710555555555
