
file: photo5.jpg
type: image
timestamp: 1652114603000
lat: 39.139152777777774
lng: -114.33205
