
file: photo6.jpg
type: image
timestamp: 1652121292000
lat: 39.04989444444444
lng: -113.95455
