
file: photo0.jpg
type: image
timestamp: 1652088857000
lat: 39.220525
lng: -114.857025
