
file: photo2.jpg
type: image
timestamp: 1652100751000
lat: 39.03554166666667
lng: -114.60653333333333
