
file: photo3.jpg
type: image
timestamp: 1652101245000
lat: 39.02388055555556
lng: -114.56045555555555
