
file: photo7.jpg
type: image
timestamp: 1652122197000
lat: 39.04593055555555
lng: -113.90292500000001
