
file: photo1.jpg
type: image
timestamp: 1652100138000
lat: 39.03819444444444
lng: -114.64956388888889
