
file: photo2.jpg
type: image
timestamp: 1652789042000
lat: 39.94654166666666
lng: -104.98619444444445
