
file: photo1.jpg
type: image
timestamp: 1652788632000
lat: 39.94654722222222
lng: -104.98620555555556
