
file: photo3.jpg
type: image
timestamp: 1652789049000
lat: 39.94654166666666
lng: -104.98619444444445
