
file: photo0.jpg
type: image
timestamp: 1652783199000
lat: 40.10636111111111
lng: -104.94176666666667
