
file: photo7.jpg
type: image
timestamp: 1652801231000
lat: 39.741216666666666
lng: -104.98706666666666
