
file: photo4.jpg
type: image
timestamp: 1652794958000
lat: 39.83166666666667
lng: -104.94874166666668
