
file: photo6.jpg
type: image
timestamp: 1652801065000
lat: 39.74051111111111
lng: -104.9875888888889
