
file: photo3.jpg
type: image
timestamp: 1653648168000
lat: 41.32712222222222
lng: -89.09145277777777
