
file: photo10.jpg
type: image
timestamp: 1653672939000
lat: 41.64286111111111
lng: -88.4462388888889
