
file: photo12.jpg
type: image
timestamp: 1653675859000
lat: 41.685224999999996
lng: -88.355325
