
file: photo13.jpg
type: image
timestamp: 1653678973000
lat: 41.75807777777778
lng: -88.31814722222222
