
file: photo2.jpg
type: image
timestamp: 1653647970000
lat: 41.32653055555556
lng: -89.09396111111111
