
file: photo14.jpg
type: image
timestamp: 1653681858000
lat: 41.799530555555556
lng: -88.2320888888889
