
file: photo1.jpg
type: image
timestamp: 1653646421000
lat: 41.324761111111115
lng: -89.12122222222222
