
file: photo0.jpg
type: image
timestamp: 1653646260000
lat: 41.32369722222222
lng: -89.12565555555555
