
file: photo11.jpg
type: image
timestamp: 1653673377000
lat: 41.648775
lng: -88.44564722222222
