
file: photo9.jpg
type: image
timestamp: 1653667034000
lat: 41.53491388888889
lng: -88.57930555555555
