
file: photo6.jpg
type: image
timestamp: 1653651530000
lat: 41.32835277777778
lng: -89.01046944444444
