
file: photo4.jpg
type: image
timestamp: 1653648775000
lat: 41.328186111111116
lng: -89.07685277777777
