
file: photo8.jpg
type: image
timestamp: 1653655470000
lat: 41.34317222222222
lng: -88.84258055555556
