
file: photo5.jpg
type: image
timestamp: 1653649691000
lat: 41.334983333333334
lng: -89.05555555555556
