
file: photo7.jpg
type: image
timestamp: 1653652401000
lat: 41.32372777777778
lng: -88.98205555555556
