
file: photo9.jpg
type: image
timestamp: 1653508148000
lat: 41.596852777777784
lng: -90.87740833333332
