
file: photo7.jpg
type: image
timestamp: 1653502227000
lat: 41.56708611111112
lng: -91.10560555555556
