
file: photo5.jpg
type: image
timestamp: 1653499181000
lat: 41.569944444444445
lng: -91.25950833333333
