
file: photo3.jpg
type: image
timestamp: 1653488793000
lat: 41.65995833333333
lng: -91.53600833333333
