
file: photo10.jpg
type: image
timestamp: 1653508316000
lat: 41.596775
lng: -90.87048333333333
