
file: photo6.jpg
type: image
timestamp: 1653502222000
lat: 41.56708611111112
lng: -91.10560555555556
