
file: photo0.jpg
type: image
timestamp: 1653488084000
lat: 41.662549999999996
lng: -91.54874722222222
