
file: photo2.jpg
type: image
timestamp: 1653488455000
lat: 41.661325
lng: -91.53817222222222
