
file: photo9.jpg
type: image
timestamp: 1653239322000
lat: 41.26329166666667
lng: -95.91763055555556
