
file: photo8.jpg
type: image
timestamp: 1653239134000
lat: 41.26618611111111
lng: -95.9243888888889
