
file: photo11.jpg
type: image
timestamp: 1653239933000
lat: 41.250483333333335
lng: -95.91640000000001
