
file: photo1.jpg
type: image
timestamp: 1653228215000
lat: 41.212872222222224
lng: -96.11709722222221
