
file: photo0.jpg
type: image
timestamp: 1653216630000
lat: 41.051713888888884
lng: -96.33836388888888
