
file: photo4.jpg
type: image
timestamp: 1653237491000
lat: 41.25622777777778
lng: -95.9462388888889
