
file: photo3.jpg
type: image
timestamp: 1653237404000
lat: 41.25386388888889
lng: -95.94691111111112
