
file: photo6.jpg
type: image
timestamp: 1653238840000
lat: 41.266416666666665
lng: -95.92358055555556
