
file: photo5.jpg
type: image
timestamp: 1653237733000
lat: 41.25651388888889
lng: -95.937425
