
file: photo2.jpg
type: image
timestamp: 1653236259000
lat: 41.245175
lng: -95.98010000000001
