
file: photo7.jpg
type: image
timestamp: 1653238851000
lat: 41.266416666666665
lng: -95.92358055555556
