
file: photo1.jpg
type: image
timestamp: 1653738067000
lat: 41.916888888888884
lng: -87.6642638888889
