
file: photo4.jpg
type: image
timestamp: 1653740341000
lat: 41.886919444444445
lng: -87.62958888888888
