
file: photo13.jpg
type: image
timestamp: 1653755442000
lat: 41.601930555555555
lng: -87.36101111111111
