
file: photo17.jpg
type: image
timestamp: 1653767465000
lat: 41.72111666666667
lng: -86.90610000000001
