
file: photo20.jpg
type: image
timestamp: 1653769456000
lat: 41.74438055555556
lng: -86.8595861111111
