
file: photo6.jpg
type: image
timestamp: 1653741457000
lat: 41.88305833333333
lng: -87.62821666666666
