
file: photo18.jpg
type: image
timestamp: 1653767668000
lat: 41.72418888888889
lng: -86.90280833333334
