
file: photo8.jpg
type: image
timestamp: 1653743000000
lat: 41.87275
lng: -87.62911388888888
