
file: photo15.jpg
type: image
timestamp: 1653766936000
lat: 41.71196666666667
lng: -86.91831388888889
