
file: photo10.jpg
type: image
timestamp: 1653745218000
lat: 41.82965
lng: -87.60394444444444
