
file: photo22.jpg
type: image
timestamp: 1653775451000
lat: 41.77591388888889
lng: -86.77853055555555
