
file: photo21.jpg
type: image
timestamp: 1653769775000
lat: 41.747675
lng: -86.85179444444444
