
file: photo9.jpg
type: image
timestamp: 1653743965000
lat: 41.86813333333333
lng: -87.61498333333333
