
file: photo2.jpg
type: image
timestamp: 1653739046000
lat: 41.91509722222222
lng: -87.6348388888889
