
file: photo19.jpg
type: image
timestamp: 1653768119000
lat: 41.72797222222223
lng: -86.89758055555556
