
file: photo5.jpg
type: image
timestamp: 1653740713000
lat: 41.884569444444445
lng: -87.62934722222222
