
file: photo14.jpg
type: image
timestamp: 1653766305000
lat: 41.70653055555556
lng: -86.92818333333334
