
file: photo7.jpg
type: image
timestamp: 1653742400000
lat: 41.88281111111111
lng: -87.62940833333333
