
file: photo11.jpg
type: image
timestamp: 1653751856000
lat: 41.67315
lng: -87.47835277777779
