
file: photo12.jpg
type: image
timestamp: 1653752109000
lat: 41.667202777777774
lng: -87.47000833333334
