
file: photo3.jpg
type: image
timestamp: 1653740164000
lat: 41.88887222222222
lng: -87.62954444444443
