
file: photo5.jpg
type: image
timestamp: 1652972453000
lat: 39.82807777777778
lng: -100.52901666666666
