
file: photo10.jpg
type: image
timestamp: 1652992104000
lat: 40.00188611111111
lng: -99.89072222222222
