
file: photo6.jpg
type: image
timestamp: 1652972735000
lat: 39.82794166666667
lng: -100.52573888888888
