
file: photo0.jpg
type: image
timestamp: 1652943719000
lat: 39.75846666666666
lng: -101.73026666666667
