
file: photo7.jpg
type: image
timestamp: 1652977603000
lat: 39.82801666666667
lng: -100.30571666666667
