
file: photo11.jpg
type: image
timestamp: 1652992354000
lat: 40.00293333333333
lng: -99.89062222222223
