
file: photo9.jpg
type: image
timestamp: 1652988975000
lat: 39.844572222222226
lng: -99.88870277777778
