
file: photo1.jpg
type: image
timestamp: 1652948383000
lat: 39.75626388888889
lng: -101.53387777777778
