
file: photo3.jpg
type: image
timestamp: 1652958308000
lat: 39.81307222222222
lng: -101.04288333333334
