
file: photo2.jpg
type: image
timestamp: 1652958272000
lat: 39.813044444444444
lng: -101.04290277777777
