
file: photo4.jpg
type: image
timestamp: 1652970473000
lat: 39.828700000000005
lng: -100.62375555555555
