
file: photo8.jpg
type: image
timestamp: 1652987160000
lat: 39.838861111111115
lng: -99.88251944444444
