
file: photo4.jpg
type: image
timestamp: 1652896778000
lat: 39.70244166666667
lng: -102.29261944444444
