
file: photo5.jpg
type: image
timestamp: 1652898669000
lat: 39.746097222222225
lng: -102.24412777777778
