
file: photo6.jpg
type: image
timestamp: 1652902031000
lat: 39.74868611111111
lng: -102.05515277777778
