
file: photo3.jpg
type: image
timestamp: 1652891521000
lat: 39.658049999999996
lng: -102.5168861111111
