
file: photo2.jpg
type: image
timestamp: 1652859814000
lat: 39.739875
lng: -103.74288055555556
