
file: photo0.jpg
type: image
timestamp: 1652854540000
lat: 39.732725
lng: -103.93457500000001
