
file: photo7.jpg
type: image
timestamp: 1652902129000
lat: 39.75134166666667
lng: -102.05013333333333
