
file: photo3.jpg
type: image
timestamp: 1651657229000
lat: 38.24261111111111
lng: -121.51571388888888
