
file: photo4.jpg
type: image
timestamp: 1651676255000
lat: 38.358830555555556
lng: -120.93995555555556
