
file: photo0.jpg
type: image
timestamp: 1651644102000
lat: 38.112991666666666
lng: -121.69656388888889
