
file: photo6.jpg
type: image
timestamp: 1651701074000
lat: 38.42276666666667
lng: -120.64438611111112
