
file: photo1.jpg
type: image
timestamp: 1651646803000
lat: 38.11271111111111
lng: -121.69752222222223
