
file: photo5.jpg
type: image
timestamp: 1651697294000
lat: 38.42283055555556
lng: -120.64446111111111
