
file: photo0.jpg
type: image
timestamp: 1653127705000
lat: 40.58260277777778
lng: -98.05909444444444
