
file: photo3.jpg
type: image
timestamp: 1653152091000
lat: 40.65223888888889
lng: -96.91649166666667
