
file: photo7.jpg
type: image
timestamp: 1653161121000
lat: 40.809075
lng: -96.70100555555555
