
file: photo4.jpg
type: image
timestamp: 1653154169000
lat: 40.68438611111111
lng: -96.85705277777777
