
file: photo6.jpg
type: image
timestamp: 1653156220000
lat: 40.74124444444445
lng: -96.83669722222221
