
file: photo5.jpg
type: image
timestamp: 1653155634000
lat: 40.73502777777778
lng: -96.85381944444444
