
file: photo9.jpg
type: image
timestamp: 1653161228000
lat: 40.80949444444444
lng: -96.69970555555555
