
file: photo1.jpg
type: image
timestamp: 1653138907000
lat: 40.63652222222222
lng: -97.58917222222222
