
file: photo8.jpg
type: image
timestamp: 1653161187000
lat: 40.809127777777775
lng: -96.69981944444444
