
file: photo4.jpg
type: image
timestamp: 1651840296000
lat: 39.370894444444446
lng: -119.34840833333332
