
file: photo7.jpg
type: image
timestamp: 1651844089000
lat: 39.458125
lng: -119.08259722222222
