
file: photo8.jpg
type: image
timestamp: 1651853582000
lat: 39.46434166666667
lng: -118.6809138888889
