
file: photo2.jpg
type: image
timestamp: 1651823531000
lat: 38.91179722222222
lng: -119.77914722222222
