
file: photo0.jpg
type: image
timestamp: 1651817949000
lat: 38.76618333333333
lng: -119.84521944444444
