
file: photo10.jpg
type: image
timestamp: 1651862353000
lat: 39.27450555555556
lng: -118.33212499999999
