
file: photo6.jpg
type: image
timestamp: 1651843648000
lat: 39.44471944444444
lng: -119.090775
