
file: photo11.jpg
type: image
timestamp: 1651869311000
lat: 39.29035833333333
lng: -118.04748055555555
