
file: photo3.jpg
type: image
timestamp: 1651826347000
lat: 38.96149722222223
lng: -119.77846111111111
