
file: photo5.jpg
type: image
timestamp: 1651840329000
lat: 39.371583333333334
lng: -119.3463361111111
