
file: photo1.jpg
type: image
timestamp: 1651819812000
lat: 38.766330555555555
lng: -119.84539166666666
