
file: photo9.jpg
type: image
timestamp: 1651858151000
lat: 39.29784166666666
lng: -118.47068888888889
