
file: photo4.jpg
type: image
timestamp: 1652448478000
lat: 41.29829722222222
lng: -110.62629444444444
