
file: photo1.jpg
type: image
timestamp: 1652425098000
lat: 41.01659444444444
lng: -111.03325555555556
