
file: photo8.jpg
type: image
timestamp: 1652456972000
lat: 41.409219444444446
lng: -110.14376666666668
