
file: photo0.jpg
type: image
timestamp: 1652421920000
lat: 41.016555555555556
lng: -111.03324444444445
