
file: photo7.jpg
type: image
timestamp: 1652453249000
lat: 41.316430555555556
lng: -110.37490555555554
