
file: photo9.jpg
type: image
timestamp: 1652464695000
lat: 41.542430555555555
lng: -109.74464722222223
