
file: photo3.jpg
type: image
timestamp: 1652425126000
lat: 41.01659444444444
lng: -111.03325555555556
