
file: photo11.jpg
type: image
timestamp: 1652469763000
lat: 41.530055555555556
lng: -109.45716388888889
