
file: photo10.jpg
type: image
timestamp: 1652468904000
lat: 41.544802777777775
lng: -109.48114166666667
