
file: photo6.jpg
type: image
timestamp: 1652452850000
lat: 41.31933333333334
lng: -110.38974166666668
