
file: photo12.jpg
type: image
timestamp: 1654684909000
lat: 42.81536111111111
lng: -73.94767222222222
