
file: photo17.jpg
type: image
timestamp: 1654703817000
lat: 42.65195833333333
lng: -73.75605833333333
