
file: photo19.jpg
type: image
timestamp: 1654704577000
lat: 42.64868333333333
lng: -73.75086388888889
