
file: photo6.jpg
type: image
timestamp: 1654683145000
lat: 42.83025555555556
lng: -73.99277222222223
