
file: photo5.jpg
type: image
timestamp: 1654681770000
lat: 42.866680555555554
lng: -74.04008611111111
