
file: photo15.jpg
type: image
timestamp: 1654703337000
lat: 42.654669444444444
lng: -73.76215555555555
