
file: photo7.jpg
type: image
timestamp: 1654683223000
lat: 42.82890833333334
lng: -73.99147777777777
