
file: photo10.jpg
type: image
timestamp: 1654683597000
lat: 42.822075000000005
lng: -73.98723055555556
