
file: photo13.jpg
type: image
timestamp: 1654685764000
lat: 42.813247222222216
lng: -73.94675555555555
