
file: photo22.jpg
type: image
timestamp: 1654705378000
lat: 42.643475
lng: -73.74818333333333
