
file: photo16.jpg
type: image
timestamp: 1654703553000
lat: 42.65305277777777
lng: -73.75959722222223
