
file: photo9.jpg
type: image
timestamp: 1654683570000
lat: 42.822075000000005
lng: -73.98723055555556
