
file: photo4.jpg
type: image
timestamp: 1654675235000
lat: 42.93425833333333
lng: -74.19930277777779
