
file: photo24.jpg
type: image
timestamp: 1654708540000
lat: 42.53273611111111
lng: -73.75567777777778
