
file: photo11.jpg
type: image
timestamp: 1654684577000
lat: 42.81745555555556
lng: -73.95210555555556
