
file: photo21.jpg
type: image
timestamp: 1654704922000
lat: 42.64318333333333
lng: -73.74961111111111
