
file: photo23.jpg
type: image
timestamp: 1654705600000
lat: 42.63873611111111
lng: -73.74708333333334
