
file: photo2.jpg
type: image
timestamp: 1654672938000
lat: 42.95297777777778
lng: -74.23850833333333
