
file: photo8.jpg
type: image
timestamp: 1654683497000
lat: 42.822922222222225
lng: -73.98758055555555
