
file: photo14.jpg
type: image
timestamp: 1654703323000
lat: 42.65485555555556
lng: -73.76238888888889
