
file: photo20.jpg
type: image
timestamp: 1654704746000
lat: 42.645852777777776
lng: -73.748375
