
file: photo1.jpg
type: image
timestamp: 1654672846000
lat: 42.95281666666667
lng: -74.23841944444445
