
file: photo18.jpg
type: image
timestamp: 1654704194000
lat: 42.65133888888889
lng: -73.75513333333333
