
file: photo3.jpg
type: image
timestamp: 1654674435000
lat: 42.94581944444444
lng: -74.21302222222222
