youtubeId: 5bdX3a7Supg
type: video
lat: 37.633878
lng: -122.152371