youtubeId: 7l8yg2H2A2A
type: video
lat: 37.644555
lng: -122.153894