youtubeId: 6O8bJ27iBpE
type: video
lat: 37.120377
lng: -121.928881
