youtubeId: 6D-ISuoCQk8
type: video
lat: 37.146962
lng: -121.973965