
file: photo1.jpg
type: image
timestamp: 1654359126000
lat: 43.783905555555556
lng: -79.125975
