
file: photo2.jpg
type: image
timestamp: 1654359739000
lat: 43.79461111111111
lng: -79.117725
