
file: photo3.jpg
type: image
timestamp: 1654360750000
lat: 43.815580555555556
lng: -79.09750277777778
