
file: photo5.jpg
type: image
timestamp: 1654363598000
lat: 43.84411388888889
lng: -79.01738611111111
