
file: photo4.jpg
type: image
timestamp: 1654360763000
lat: 43.81557222222222
lng: -79.09750555555556
