
file: photo4.jpg
type: image
timestamp: 1652006372000
lat: 39.55533888888888
lng: -115.99570277777778
