
file: photo13.jpg
type: image
timestamp: 1652043590000
lat: 39.247841666666666
lng: -114.89416944444446
