
file: photo0.jpg
type: image
timestamp: 1651993673000
lat: 39.483975
lng: -116.59221111111111
