
file: photo11.jpg
type: image
timestamp: 1652032832000
lat: 39.35913055555556
lng: -115.3525611111111
