
file: photo10.jpg
type: image
timestamp: 1652027798000
lat: 39.39778333333333
lng: -115.47023333333334
