
file: photo2.jpg
type: image
timestamp: 1651993705000
lat: 39.483975
lng: -116.59221111111111
