
file: photo3.jpg
type: image
timestamp: 1652004710000
lat: 39.57330277777778
lng: -116.07809722222221
