
file: photo9.jpg
type: image
timestamp: 1652014604000
lat: 39.45342222222222
lng: -115.936175
