
file: photo8.jpg
type: image
timestamp: 1652009606000
lat: 39.511783333333334
lng: -115.96059166666667
