
file: photo12.jpg
type: image
timestamp: 1652042652000
lat: 39.28275555555555
lng: -114.96419444444444
