
file: photo5.jpg
type: image
timestamp: 1652009543000
lat: 39.512658333333334
lng: -115.96105277777778
