
file: photo16.jpg
type: image
timestamp: 1651610259000
lat: 38.029713888888885
lng: -121.75150277777777
