
file: photo10.jpg
type: image
timestamp: 1651578768000
lat: 37.43313333333333
lng: -121.92701666666667
