
file: photo9.jpg
type: image
timestamp: 1651577222000
lat: 37.40303888888889
lng: -121.97215277777778
