
file: photo14.jpg
type: image
timestamp: 1651591305000
lat: 37.68973611111111
lng: -121.90286388888889
