
file: photo0.jpg
type: image
timestamp: 1651573975000
lat: 37.32461944444445
lng: -121.97915
