
file: photo11.jpg
type: image
timestamp: 1651581774000
lat: 37.529669444444444
lng: -121.95843333333333
