
file: photo5.jpg
type: image
timestamp: 1651576766000
lat: 37.38855
lng: -121.96847777777778
