
file: photo1.jpg
type: image
timestamp: 1651574600000
lat: 37.32692777777778
lng: -121.97920555555555
