
file: photo7.jpg
type: image
timestamp: 1651577014000
lat: 37.39655555555556
lng: -121.96861111111112
