
file: photo13.jpg
type: image
timestamp: 1651590502000
lat: 37.68063055555555
lng: -121.90583055555557
