
file: photo2.jpg
type: image
timestamp: 1651576626000
lat: 37.38424722222222
lng: -121.96888611111112
