
file: photo8.jpg
type: image
timestamp: 1651577092000
lat: 37.40051388888889
lng: -121.97043333333333
