
file: photo4.jpg
type: image
timestamp: 1651576659000
lat: 37.384433333333334
lng: -121.96870277777778
