
file: photo15.jpg
type: image
timestamp: 1651604430000
lat: 38.019325
lng: -121.98759166666667
