
file: photo0.jpg
type: image
timestamp: 1654493965000
lat: 44.29185277777778
lng: -76.30979722222222
