
file: photo2.jpg
type: image
timestamp: 1654530120000
lat: 43.974291666666666
lng: -75.9090638888889
