
file: photo1.jpg
type: image
timestamp: 1654499908000
lat: 44.32779722222222
lng: -76.16448333333334
