
file: photo0.jpg
type: image
timestamp: 1654412242000
lat: 43.975008333333335
lng: -78.11253888888888
