
file: photo2.jpg
type: image
timestamp: 1654457322000
lat: 44.25833055555555
lng: -76.56912222222222
