
file: photo1.jpg
type: image
timestamp: 1654431430000
lat: 44.102494444444446
lng: -77.574225
