
file: photo9.jpg
type: image
timestamp: 1652377451000
lat: 40.972522222222224
lng: -111.43838333333333
