
file: photo8.jpg
type: image
timestamp: 1652376588000
lat: 40.99371111111111
lng: -111.45870833333333
