
file: photo0.jpg
type: image
timestamp: 1652348675000
lat: 40.75851111111111
lng: -111.89431111111112
