
file: photo4.jpg
type: image
timestamp: 1652367189000
lat: 40.827983333333336
lng: -111.65475
