
file: photo7.jpg
type: image
timestamp: 1652375660000
lat: 41.01600277777778
lng: -111.49777222222222
