
file: photo5.jpg
type: image
timestamp: 1652369727000
lat: 40.879955555555554
lng: -111.58062777777778
