
file: photo6.jpg
type: image
timestamp: 1652375243000
lat: 40.99935833333333
lng: -111.52225555555556
