
file: photo11.jpg
type: image
timestamp: 1652381508000
lat: 40.92469722222222
lng: -111.35360277777777
