
file: photo2.jpg
type: image
timestamp: 1652353124000
lat: 40.75096944444444
lng: -111.814275
