
file: photo1.jpg
type: image
timestamp: 1652350910000
lat: 40.751977777777775
lng: -111.85966388888889
