
file: photo10.jpg
type: image
timestamp: 1652378250000
lat: 40.96756666666667
lng: -111.42891111111112
