
file: photo4.jpg
type: image
timestamp: 1652706938000
lat: 40.99826111111111
lng: -104.773125
