
file: photo1.jpg
type: image
timestamp: 1652695933000
lat: 41.134966666666664
lng: -104.818075
