
file: photo10.jpg
type: image
timestamp: 1652729373000
lat: 40.443797222222216
lng: -105.09688055555556
