
file: photo6.jpg
type: image
timestamp: 1652715641000
lat: 40.64075555555556
lng: -104.75390833333333
