
file: photo7.jpg
type: image
timestamp: 1652716384000
lat: 40.60335277777778
lng: -104.73969444444444
