
file: photo0.jpg
type: image
timestamp: 1652680275000
lat: 41.250480555555555
lng: -105.43420833333333
