
file: photo3.jpg
type: image
timestamp: 1652701707000
lat: 41.141197222222225
lng: -104.81932499999999
