
file: photo11.jpg
type: image
timestamp: 1652730163000
lat: 40.414341666666665
lng: -105.09678888888888
