
file: photo9.jpg
type: image
timestamp: 1652728732000
lat: 40.452475
lng: -105.08799722222221
