
file: photo5.jpg
type: image
timestamp: 1652712565000
lat: 40.75877777777778
lng: -104.791425
