
file: photo8.jpg
type: image
timestamp: 1652716585000
lat: 40.58960277777778
lng: -104.73576111111112
